+------------------------+-------------------+
|    Weapon to target    |     all value     |
+------------------------+-------------------+
| [4. 4. 4. 3. 3. 3. 3.] | 6.764807866501606 |
+------------------------+-------------------+
[[13.65259885  6.21829544 24.54750063  4.07557696  6.45008465  3.88655587
   8.25463277]
 [13.82033522  6.30120751 24.73355214  4.17422313  6.49554493  4.04633658
   8.44033861]
 [13.93853154  6.62401218 24.8848284   4.24240299  6.54503797  4.27444545
   8.73810934]
 [14.04470953  6.47784616 24.91025505  4.24822576  7.53601329  4.14988599
   9.66214961]
 [15.13322277  6.8851682  27.36219146  8.7819105  11.48286412  7.93350058
   3.28020577]]